FoamFile{version 2.0; format ascii; class dictionary; object blockMeshDict;}

scale 1;

vertices
(
    (-0.04 0.0152830341 0.17468588)
    (-0.04 0.0223520646 0.255485268)
    (-0.04 -0.0152830341 0.17468588)
    (-0.04 -0.0223520646 0.255485268)
    (-0.0378236236 0.0152835222 0.174691459)
    (-0.0378236236 0.0223516516 0.255480547)
    (-0.0378236236 -0.0152835222 0.174691459)
    (-0.0378236236 -0.0223516516 0.255480547)
    (-0.0342565082 0.0152843222 0.174700603)
    (-0.0342565082 0.0223509747 0.255472809)
    (-0.0342565082 -0.0152843222 0.174700603)
    (-0.0342565082 -0.0223509747 0.255472809)
    (-0.0298677997 0.0152853065 0.174711853)
    (-0.0298677997 0.0223501418 0.25546329)
    (-0.0298677997 -0.0152853065 0.174711853)
    (-0.0298677997 -0.0223501418 0.25546329)
    (-0.0248428343 0.0152930932 0.174800855)
    (-0.0248428343 0.0223424428 0.25537529)
    (-0.0248428343 -0.0152930932 0.174800855)
    (-0.0248428343 -0.0223424428 0.25537529)
    (-0.0192846624 0.0153385553 0.17532049)
    (-0.0192846624 0.0222966034 0.254851343)
    (-0.0192846624 -0.0153385553 0.17532049)
    (-0.0192846624 -0.0222966034 0.254851343)
    (-0.0132609631 0.0153878252 0.175883647)
    (-0.0132609631 0.0222469247 0.254283512)
    (-0.0132609631 -0.0153878252 0.175883647)
    (-0.0132609631 -0.0222469247 0.254283512)
    (-0.00682039087 0.0154405048 0.176485777)
    (-0.00682039087 0.0221938079 0.253676385)
    (-0.00682039087 -0.0154405048 0.176485777)
    (-0.00682039087 -0.0221938079 0.253676385)
    (0 0.0154962911 0.177123417)
    (0 0.0221375587 0.253033453)
    (0 -0.0154962911 0.177123417)
    (0 -0.0221375587 0.253033453)
    (0.00365833333 0.01557798 0.178057126)
    (0.00365833333 0.02206037 0.252151183)
    (0.00365833333 -0.01557798 0.178057126)
    (0.00365833333 -0.02206037 0.252151183)
    (0.00731666667 0.0156596689 0.178990835)
    (0.00731666667 0.0219813212 0.251247651)
    (0.00731666667 -0.0156596689 0.178990835)
    (0.00731666667 -0.0219813212 0.251247651)
    (0.010975 0.0157413578 0.179924543)
    (0.010975 0.0218973048 0.250287339)
    (0.010975 -0.0157413578 0.179924543)
    (0.010975 -0.0218973048 0.250287339)
    (0.0146333333 0.0158230467 0.180858252)
    (0.0146333333 0.0218132884 0.249327028)
    (0.0146333333 -0.0158230467 0.180858252)
    (0.0146333333 -0.0218132884 0.249327028)
    (0.0182916667 0.0159047357 0.181791961)
    (0.0182916667 0.021729272 0.248366716)
    (0.0182916667 -0.0159047357 0.181791961)
    (0.0182916667 -0.021729272 0.248366716)
    (0.02195 0.0159700335 0.182538318)
    (0.02195 0.021631459 0.247248708)
    (0.02195 -0.0159700335 0.182538318)
    (0.02195 -0.021631459 0.247248708)
    (0.0256083333 0.0160341376 0.183271032)
    (0.0256083333 0.0215410221 0.24621501)
    (0.0256083333 -0.0160341376 0.183271032)
    (0.0256083333 -0.0215410221 0.24621501)
    (0.0292666667 0.0160982418 0.184003745)
    (0.0292666667 0.0214505853 0.245181312)
    (0.0292666667 -0.0160982418 0.184003745)
    (0.0292666667 -0.0214505853 0.245181312)
    (0.032925 0.0161623459 0.184736459)
    (0.032925 0.0213609658 0.244156956)
    (0.032925 -0.0161623459 0.184736459)
    (0.032925 -0.0213609658 0.244156956)
    (0.0365833333 0.01622645 0.185469173)
    (0.0365833333 0.0212990063 0.243448755)
    (0.0365833333 -0.01622645 0.185469173)
    (0.0365833333 -0.0212990063 0.243448755)
    (0.0402416667 0.0162905542 0.186201886)
    (0.0402416667 0.0212370467 0.242740555)
    (0.0402416667 -0.0162905542 0.186201886)
    (0.0402416667 -0.0212370467 0.242740555)
    (0.0439 0.0163430043 0.186801394)
    (0.0439 0.0211750872 0.242032354)
    (0.0439 -0.0163430043 0.186801394)
    (0.0439 -0.0211750872 0.242032354)
    (0.0538055825 0.0164605698 0.188145173)
    (0.0538055825 0.0210960254 0.241128674)
    (0.0538055825 -0.0164605698 0.188145173)
    (0.0538055825 -0.0210960254 0.241128674)
    (0.0611466208 0.0165407807 0.189061989)
    (0.0611466208 0.0210628725 0.240749734)
    (0.0611466208 -0.0165407807 0.189061989)
    (0.0611466208 -0.0210628725 0.240749734)
    (0.0677548682 0.0166092649 0.189844767)
    (0.0677548682 0.0210304834 0.240379525)
    (0.0677548682 -0.0166092649 0.189844767)
    (0.0677548682 -0.0210304834 0.240379525)
    (0.0739281108 0.0166657538 0.190490438)
    (0.0739281108 0.0209959874 0.239985235)
    (0.0739281108 -0.0166657538 0.190490438)
    (0.0739281108 -0.0209959874 0.239985235)
    (0.0797968236 0.0167194561 0.191104258)
    (0.0797968236 0.0209631932 0.239610395)
    (0.0797968236 -0.0167194561 0.191104258)
    (0.0797968236 -0.0209631932 0.239610395)
    (0.0854337379 0.0167710373 0.191693833)
    (0.0854337379 0.0209316943 0.23925036)
    (0.0854337379 -0.0167710373 0.191693833)
    (0.0854337379 -0.0209316943 0.23925036)
    (0.0908849154 0.01681274 0.192170498)
    (0.0908849154 0.0208972399 0.238856545)
    (0.0908849154 -0.01681274 0.192170498)
    (0.0908849154 -0.0208972399 0.238856545)
    (0.0961819776 0.0168393849 0.192475051)
    (0.0961819776 0.0208597787 0.238428362)
    (0.0961819776 -0.0168393849 0.192475051)
    (0.0961819776 -0.0208597787 0.238428362)
    (0.101347882 0.0168653701 0.192772063)
    (0.101347882 0.0208232451 0.238010781)
    (0.101347882 -0.0168653701 0.192772063)
    (0.101347882 -0.0208232451 0.238010781)
    (0.1064 0.0168907829 0.193062532)
    (0.1064 0.0207875162 0.237602397)
    (0.1064 -0.0168907829 0.193062532)
    (0.1064 -0.0207875162 0.237602397)
);

blocks
(
    hex (0 4 5 1 2 6 7 3) (2 60 40) simpleGrading (1 1 1)
    hex (4 8 9 5 6 10 11 7) (2 60 40) simpleGrading (1 1 1)
    hex (8 12 13 9 10 14 15 11) (2 60 40) simpleGrading (1 1 1)
    hex (12 16 17 13 14 18 19 15) (3 60 40) simpleGrading (1 1 1)
    hex (16 20 21 17 18 22 23 19) (3 60 40) simpleGrading (1 1 1)
    hex (20 24 25 21 22 26 27 23) (3 60 40) simpleGrading (1 1 1)
    hex (24 28 29 25 26 30 31 27) (4 60 40) simpleGrading (1 1 1)
    hex (28 32 33 29 30 34 35 31) (4 60 40) simpleGrading (1 1 1)
    hex (32 36 37 33 34 38 39 35) (2 60 40) simpleGrading (1 1 1)
    hex (36 40 41 37 38 42 43 39) (2 60 40) simpleGrading (1 1 1)
    hex (40 44 45 41 42 46 47 43) (2 60 40) simpleGrading (1 1 1)
    hex (44 48 49 45 46 50 51 47) (2 60 40) simpleGrading (1 1 1)
    hex (48 52 53 49 50 54 55 51) (2 60 40) simpleGrading (1 1 1)
    hex (52 56 57 53 54 58 59 55) (2 60 40) simpleGrading (1 1 1)
    hex (56 60 61 57 58 62 63 59) (2 60 40) simpleGrading (1 1 1)
    hex (60 64 65 61 62 66 67 63) (2 60 40) simpleGrading (1 1 1)
    hex (64 68 69 65 66 70 71 67) (2 60 40) simpleGrading (1 1 1)
    hex (68 72 73 69 70 74 75 71) (2 60 40) simpleGrading (1 1 1)
    hex (72 76 77 73 74 78 79 75) (2 60 40) simpleGrading (1 1 1)
    hex (76 80 81 77 78 82 83 79) (2 60 40) simpleGrading (1 1 1)
    hex (80 84 85 81 82 86 87 83) (6 60 40) simpleGrading (1 1 1)
    hex (84 88 89 85 86 90 91 87) (4 60 40) simpleGrading (1 1 1)
    hex (88 92 93 89 90 94 95 91) (4 60 40) simpleGrading (1 1 1)
    hex (92 96 97 93 94 98 99 95) (3 60 40) simpleGrading (1 1 1)
    hex (96 100 101 97 98 102 103 99) (3 60 40) simpleGrading (1 1 1)
    hex (100 104 105 101 102 106 107 103) (3 60 40) simpleGrading (1 1 1)
    hex (104 108 109 105 106 110 111 107) (3 60 40) simpleGrading (1 1 1)
    hex (108 112 113 109 110 114 115 111) (3 60 40) simpleGrading (1 1 1)
    hex (112 116 117 113 114 118 119 115) (3 60 40) simpleGrading (1 1 1)
    hex (116 120 121 117 118 122 123 119) (3 60 40) simpleGrading (1 1 1)
);

edges
(
    arc 0 2 (-0.04 0 0.175353151)
    arc 1 3 (-0.04 0 0.25646118)
    arc 4 6 (-0.0378236236 0 0.175358752)
    arc 5 7 (-0.0378236236 0 0.256456441)
    arc 8 10 (-0.0342565082 0 0.175367931)
    arc 9 11 (-0.0342565082 0 0.256448674)
    arc 12 14 (-0.0298677997 0 0.175379224)
    arc 13 15 (-0.0298677997 0 0.256439118)
    arc 16 18 (-0.0248428343 0 0.175468566)
    arc 17 19 (-0.0248428343 0 0.256350782)
    arc 20 22 (-0.0192846624 0 0.175990185)
    arc 21 23 (-0.0192846624 0 0.255824834)
    arc 24 26 (-0.0132609631 0 0.176555494)
    arc 25 27 (-0.0132609631 0 0.255254834)
    arc 28 30 (-0.00682039087 0 0.177159924)
    arc 29 31 (-0.00682039087 0 0.254645387)
    arc 32 34 (0 0 0.1778)
    arc 33 35 (0 0 0.254)
    arc 36 38 (0.00365833333 0 0.178737275)
    arc 37 39 (0.00365833333 0 0.253114359)
    arc 40 42 (0.00731666667 0 0.179674551)
    arc 41 43 (0.00731666667 0 0.252207376)
    arc 44 46 (0.010975 0 0.180611826)
    arc 45 47 (0.010975 0 0.251243396)
    arc 48 50 (0.0146333333 0 0.181549101)
    arc 49 51 (0.0146333333 0 0.250279416)
    arc 52 54 (0.0182916667 0 0.182486376)
    arc 53 55 (0.0182916667 0 0.249315436)
    arc 56 58 (0.02195 0 0.183235585)
    arc 57 59 (0.02195 0 0.248193157)
    arc 60 62 (0.0256083333 0 0.183971097)
    arc 61 63 (0.0256083333 0 0.247155511)
    arc 64 66 (0.0292666667 0 0.18470661)
    arc 65 67 (0.0292666667 0 0.246117864)
    arc 68 70 (0.032925 0 0.185442122)
    arc 69 71 (0.032925 0 0.245089596)
    arc 72 74 (0.0365833333 0 0.186177635)
    arc 73 75 (0.0365833333 0 0.24437869)
    arc 76 78 (0.0402416667 0 0.186913147)
    arc 77 79 (0.0402416667 0 0.243667784)
    arc 80 82 (0.0439 0 0.187514945)
    arc 81 83 (0.0439 0 0.242956879)
    arc 84 86 (0.0538055825 0 0.188863857)
    arc 85 87 (0.0538055825 0 0.242049746)
    arc 88 90 (0.0611466208 0 0.189784175)
    arc 89 91 (0.0611466208 0 0.241669359)
    arc 92 94 (0.0677548682 0 0.190569943)
    arc 93 95 (0.0677548682 0 0.241297736)
    arc 96 98 (0.0739281108 0 0.19121808)
    arc 97 99 (0.0739281108 0 0.240901939)
    arc 100 102 (0.0797968236 0 0.191834245)
    arc 101 103 (0.0797968236 0 0.240525668)
    arc 104 106 (0.0854337379 0 0.192426072)
    arc 105 107 (0.0854337379 0 0.240164258)
    arc 108 110 (0.0908849154 0 0.192904558)
    arc 109 111 (0.0908849154 0 0.239768938)
    arc 112 114 (0.0961819776 0 0.193210274)
    arc 113 115 (0.0961819776 0 0.23933912)
    arc 116 118 (0.101347882 0 0.193508421)
    arc 117 119 (0.101347882 0 0.238919943)
    arc 120 122 (0.1064 0 0.1938)
    arc 121 123 (0.1064 0 0.23851)
);

boundary
(
    inlet
    {
        type patch;
        faces
        (
            (0 2 3 1)
        );
    }
    outlet
    {
        type patch;
        faces
        (
            (120 121 123 122)
        );
    }
    hub
    {
        type wall;
        faces
        (
            (0 4 6 2)
            (4 8 10 6)
            (8 12 14 10)
            (12 16 18 14)
            (16 20 22 18)
            (20 24 26 22)
            (24 28 30 26)
            (28 32 34 30)
            (32 36 38 34)
            (36 40 42 38)
            (40 44 46 42)
            (44 48 50 46)
            (48 52 54 50)
            (52 56 58 54)
            (56 60 62 58)
            (60 64 66 62)
            (64 68 70 66)
            (68 72 74 70)
            (72 76 78 74)
            (76 80 82 78)
            (80 84 86 82)
            (84 88 90 86)
            (88 92 94 90)
            (92 96 98 94)
            (96 100 102 98)
            (100 104 106 102)
            (104 108 110 106)
            (108 112 114 110)
            (112 116 118 114)
            (116 120 122 118)
        );
    }
    casing
    {
        type wall;
        faces
        (
            (1 3 7 5)
            (5 7 11 9)
            (9 11 15 13)
            (13 15 19 17)
            (17 19 23 21)
            (21 23 27 25)
            (25 27 31 29)
            (29 31 35 33)
            (33 35 39 37)
            (37 39 43 41)
            (41 43 47 45)
            (45 47 51 49)
            (49 51 55 53)
            (53 55 59 57)
            (57 59 63 61)
            (61 63 67 65)
            (65 67 71 69)
            (69 71 75 73)
            (73 75 79 77)
            (77 79 83 81)
            (81 83 87 85)
            (85 87 91 89)
            (89 91 95 93)
            (93 95 99 97)
            (97 99 103 101)
            (101 103 107 105)
            (105 107 111 109)
            (109 111 115 113)
            (113 115 119 117)
            (117 119 123 121)
        );
    }
    periodic_m
    {
        type cyclicAMI;
        neighbourPatch periodic_p;
        transform rotational;
        rotationAxis (1 0 0);
        rotationCentre (0 0 0);
        faces
        (
            (0 1 5 4)
            (4 5 9 8)
            (8 9 13 12)
            (12 13 17 16)
            (16 17 21 20)
            (20 21 25 24)
            (24 25 29 28)
            (28 29 33 32)
            (32 33 37 36)
            (36 37 41 40)
            (40 41 45 44)
            (44 45 49 48)
            (48 49 53 52)
            (52 53 57 56)
            (56 57 61 60)
            (60 61 65 64)
            (64 65 69 68)
            (68 69 73 72)
            (72 73 77 76)
            (76 77 81 80)
            (80 81 85 84)
            (84 85 89 88)
            (88 89 93 92)
            (92 93 97 96)
            (96 97 101 100)
            (100 101 105 104)
            (104 105 109 108)
            (108 109 113 112)
            (112 113 117 116)
            (116 117 121 120)
        );
    }
    periodic_p
    {
        type cyclicAMI;
        neighbourPatch periodic_m;
        transform rotational;
        rotationAxis (1 0 0);
        rotationCentre (0 0 0);
        faces
        (
            (2 6 7 3)
            (6 10 11 7)
            (10 14 15 11)
            (14 18 19 15)
            (18 22 23 19)
            (22 26 27 23)
            (26 30 31 27)
            (30 34 35 31)
            (34 38 39 35)
            (38 42 43 39)
            (42 46 47 43)
            (46 50 51 47)
            (50 54 55 51)
            (54 58 59 55)
            (58 62 63 59)
            (62 66 67 63)
            (66 70 71 67)
            (70 74 75 71)
            (74 78 79 75)
            (78 82 83 79)
            (82 86 87 83)
            (86 90 91 87)
            (90 94 95 91)
            (94 98 99 95)
            (98 102 103 99)
            (102 106 107 103)
            (106 110 111 107)
            (110 114 115 111)
            (114 118 119 115)
            (118 122 123 119)
        );
    }
);

mergePatchPairs ();
